1 48
2 31
3 36
4 7
5 13
6 18
7 15
8 13
9 50
10 34
11 45
12 26
13 4
14 7
15 21
16 46
17 37
18 49
19 9
20 11
21 22
22 41
23 26
24 31
25 31
26 25
27 27
28 3
29 25
30 4
31 12
32 33
33 26
34 21
35 49
36 28
37 1
38 1
39 28
40 16
41 45
42 26
43 4
44 27
45 50
46 34
47 24
48 29
49 13
50 1
51 28
52 21
53 1
54 2
55 32
56 9
57 44
58 43
59 36
60 38
61 30
62 40
63 44
64 33
65 12
66 2
67 17
68 11
69 36
70 2
71 50
72 11
73 3
74 33
75 44
76 19
77 20
78 14
79 42
80 21
81 30
82 13
83 40
84 41
85 28
86 35
87 7
88 20
89 26
90 36
91 6
92 45
93 48
94 18
95 2
96 4
97 13
98 14
99 1
100 7
